0 0 0 0 0 0 0 0 0 0 
2.77556e-17 0 3.46945e-18 0 0 0 5.55112e-17 0 0 0 
0 0 0 1.11022e-16 -5.55112e-17 -1.59595e-16 -2.77556e-17 1.11022e-16 2.77556e-17 0 
0 0 0 -1.11022e-16 0 0 0 -1.11022e-16 -1.11022e-16 0 
0 0 0 1.11022e-16 1.11022e-16 -2.22045e-16 1.11022e-16 1.11022e-16 0 -1.11022e-16 
0 0 0 -1.11022e-16 0 -2.22045e-16 0 1.11022e-16 0 5.55112e-17 
0 0 0 0 0 0 1.11022e-16 0 -5.55112e-17 0 
0 0 0 0 1.11022e-16 -1.11022e-16 0 0 0 1.11022e-16 
0 0 0 -5.55112e-17 1.38778e-17 0 0 -2.77556e-17 2.77556e-17 -2.77556e-17 
0 0 0 -2.22045e-16 -5.55112e-17 5.55112e-17 1.11022e-16 -2.22045e-16 0 -5.55112e-17 
