0.0114069 0.472951 0.932451 0.578109 0.791483 0.28506 0.513251 0.422072 0.297244 0.992676 
0.38868 0.278391 0.357511 0.616685 0.864123 0.136042 0.283878 0.104254 0.122074 0.19977 
0.672916 0.305059 0.381085 0.496601 0.47809 0.44876 0.169776 0.932371 0.210086 0.427442 
0.523971 0.460815 0.178663 0.200664 0.624237 0.485126 0.198061 0.5595 0.396932 0.717466 
0.913226 0.876282 0.0231998 0.821447 0.350877 0.714256 0.457886 0.495059 0.829922 0.0278284 
0.549579 0.428368 0.60701 0.824237 0.725817 0.452007 0.477184 0.174889 0.767291 0.27739 
0.989286 0.230875 0.792313 0.331614 0.0312625 0.69578 0.481167 0.611363 0.102209 0.727527 
0.875922 0.319566 0.962883 0.781296 0.464316 0.567221 0.439893 0.148526 0.504773 0.539069 
0.396198 0.264485 0.0928938 0.179627 0.321333 0.0179729 0.183073 0.433697 0.444786 0.00426806 
0.435627 0.0626562 0.128617 0.660281 0.860106 0.505662 0.790529 0.795031 0.418555 0.543778 
